4.33396E-12	6.29921E-25
4.35999E-12	6.29921E-24
4.50315E-12	6.29921E-23
6.40333E-12	7.54864E-22
9.04535E-12	8.733E-21
2.48585E-11	1.06071E-19
1.17004E-10	3.63116E-18
6.35127E-10	1.18566E-16
5.7656E-9	6.07796E-15
1.44465E-8	3.09755E-14
3.63116E-8	1.52274E-13
9.12344E-8	7.18422E-13
2.29062E-7	3.29277E-12
5.7656E-7	1.44465E-11
3.63116E-6	2.4468E-10
4.58124E-6	3.27975E-10
9.13646E-6	8.95425E-10
3.63116E-5	6.27318E-9
7.26231E-5	1.62686E-8
2.88931E-4	1.01646E-7
4.58124E-4	1.88716E-7
5.7656E-4	2.57695E-7
0.0023	    1.47068E-6
0.00578	   4.8025E-6
0.00728	   6.54649E-6
0.02304	   2.88931E-5
0.02902	   3.70925E-5
0.04594	   6.87187E-5
0.05792	   9.33168E-5
0.14577	   2.7982E-4
0.2349	   4.70398E-4